--------------------------------
Elastic Constant for hcp_ti.data
C11 = 169.549486413054
C22 = 169.549629255628
C33 = 201.324069785901
C12 = 92.9638055326801
C13 = 66.5587698658999
C23 = 66.5586528169335
C44 = 35.4592866012444
C55 = 35.4592665327716
C66 = 38.2931271577493
